125963
125964
125965
125966
125967
125968
125969
125970
125971
125972
125973
125974
125975
125976
125977
125978
125979
125980
125981
125982
125983
125984
125985
125986
125987
125988
125989
125990
125991
125992
125993
125994
125995
125996
125997
125998
125999
126000
126001
126002
126003
126004
126005
126006
126007
126008
126009
126010
126011
126012
126013
126014
126015
126016
126017
126018
126019
126020
126021
126022
126023
126024
126025
126026
126027
126028
126029
126030
126031
126032
126033
126034
126035
126036
126037
126038
126039
126040
126041
126042
126043
126044
126045
126046
126047
126048
126049
126050
126051
126052
126053
126054
126055
126056
126057
126058
126059
126060
126061
126062
126063
126064
126065
126066
126067
126068
126069
126070
126071
126072
126073
126074
126075
126076
126077
126078
126079
126080
126081
126082
126083
126084
126085
126086
126087
126088
126089
126090
126091
126092
126093
126094
126095
126096
126097
126098
126099
126100
126101
126102
126103
126104
126105
126106
126107
126108
126109
126110
126111
126112
126113
126114
126115
126116
126117
126118
126119
126120
126121
126122
126123
126124
126125
126126
126127
126128
126129
126130
126131
126132
126133
126134
126135
126136
126137
126138
126139
126140
126141
126142
126143
126144
126145
126146
126147
126148
126149
126150
126151
126162
126163
126164
126165
126166
126167
126168
126169
126170
126171
126172
126173
126174
126175
126176
126177
126178
126179
126180
126181
126182
126183
126184
126185
126186
126187
126188
126189
126190
126191
126192
126193
126194
126195
126196
126197
126198
126199
126200
126201
126202
126203
126204
126205
126206
126207
126208
126209
126210
126211
126212
126213
126214
126215
126216
126217
126218
126219
126220
126221
126222
126223
126224
126225
126226
126227
126228
126229
126230
126231
126232
126233
126234
126235
126236
126237
126238
126239
126240
126241
126242
126243
126244
126245
126246
126247
126248
126249
126250
126251
126252
126253
126254
126255
126256
126257
126258
126259
126260
126261
126262
126263
126264
126265
126266
126267
126268
126269
126270
126271
126272
126273
126274
126275
126276
126277
126278
126279
126280
126281
126282
126283
126284
126285
126286
126287
126288
126289
126290
126291
126292
126293
126294
126295
126296
126297
126298
126299
126300
126301
126302
126303
126304
126305
126306
126307
126308
126309
126310
126311
126312
126313
126314
126315
126316
126317
126318
126319
126320
126321
126322
126323
126324
126325
126326
126327
126328
126329
126330
126331
126332
126333
126334
126335
126336
126337
126338
126339
126340
126341
126342
126343
126344
126345
126346
126347
126348
126349
126350
126351
126352
126353
126354
126355
126357
126358
126359
126360
126361
126362
126363
126364
126365
126366
126367
126368
126369
126370
126371
126372
126373
126374
126375
126376
126378
126379
126380
126381
126382
126383
126384
126385
126386
126387
126388
126389
126390
126391
126392
126393
126394
126395
126396
126397
126398
126399
126400
126401
126402
126403
126404
126405
126406
126407
126408
126409
126410
126411
126412
126413
126414
126415
126416
126417
126418
126419
126420
126421
126422
126423
126424
126425
126426
126428
126429
126430
126431
126433
126434
126435
126436
126437
126438
126439
126440
126441
126442
126443
126444
126445
126446
126447
126448
126449
126450
126451
126452
126453
126454
126455
126456
126457
126458
126459
126460
126461
126462
126463
126464
126465
126466
126467
126468
126469
126470
126471
126472
126473
126474
126475
126476
126477
126478
126479
126480
126481
126482
126483
126484
126485
126486
126487
126488
126489
126490
126491
126492
126493
126494
126495
126496
126497
126498
126499
126500
126501
126502
126503
126504
126505
126506
126507
126508
126509
126510
126511
126512
126513
126514
126515
126516
126517
126518
126519
126520
126521
126522
126523
126524
126525
126526
126527
126528
126529
126530
126531
126532
126533
126534
126535
126536
126537
126538
126539
126540
126541
126542
126543
126544
126545
126546
126547
126548
126549
126550
126552
126553
126554
126555
126556
126557
126558
126559
126560
126561
126562
126563
126564
126565
126566
126567
126568
126569
126570
126571
126572
126573
126574
126575
126576
126577
126578
126579
126580
126581
126582
126583
126584
126585
126586
126587
126588
126589
126590
126591
126592
126593
126594
126595
126596
126597
126598
126599
126600
126601
126602
126603
126604
126605
126606
126607
126608
126609
126610
126611
126612
126613
126614
126615
126616
126617
126618
126619
126620
126621
126622
126623
126624
126625
126626
126627
126628
126629
126630
126631
126632
126633
126634
126635
126636
126637
126638
126639
126640
126641
126642
126643
126644
126645
126646
126647
126648
126649
126650
126651
126652
126653
126654
126655
126656
126657
126658
126659
126660
126661
126662
126663
126664
126665
126666
126667
126668
126669
126670
126671
126672
126673
126674
126675
126676
126677
126678
126679
126680
126681
126682
126683
126684
126685
126686
126687
126688
126689
126690
126691
126692
126693
126694
126695
126696
126697
126698
126699
126700
126701
126702
126703
126704
126705
126706
126707
126708
126709
126710
126711
126712
126713
126714
126715
126716
126717
126718
126719
126720
126721
126722
126723
126724
126725
126726
126727
126728
126729
126730
126731
126732
128506
128507
128508
128509
128510
128511
128512
128513
134940
135038
135039
135040
135041
135042
135043
135044
135045
139900
139901
139902
139903
139904
139905
139906
139907
139908
139909
139910
139911
139912
139913
139915
139916
139917
139918
139919
139920
139921
139922
139923
139924
139925
139926
139927
139928
143219
143220
143221
143222
143326
146134
146135
146136
150072
152935
152936
153810
154404
154406
155727
156151
156152
156160
156161
156167
161381
161382
162830
162832
162833
165004
165005
165130
165150
165181
165232
166530
166531
166532
167057
167091
167937
167938
168660
168661
168662
168663
169366
169367
169368
171409
171467
171504
171644
171645
171646
171772
171774
171830
173919
173920
173921
175750
175751
175817
175890
177252
177253
177255
177256
177834
177835
179960
179962
180046
181431
181432
183543
183569
184610
184764
188384
188385
188386
188387
